NAME : yue1000.8940.tour
COMMENT : Length = 8940
COMMENT : Found by LKH [Keld Helsgaun] Mon Aug 29 10:56:23 2022
TYPE : TOUR
DIMENSION : 1000
TOUR_SECTION
1
8
5
3
2
4
6
11
14
13
12
16
19
23
31
35
32
34
33
30
41
47
49
45
52
48
44
50
57
67
62
64
61
60
72
74
75
80
84
77
76
82
79
83
88
94
97
95
86
85
90
93
107
108
109
115
116
120
122
126
135
132
130
129
134
145
146
141
138
131
125
127
140
144
153
155
162
154
164
171
169
165
163
170
173
177
183
184
501
507
510
509
505
503
502
508
517
518
515
504
506
512
521
525
529
522
520
519
516
513
511
514
527
524
526
523
528
538
540
536
530
537
539
543
532
533
531
534
535
542
544
546
551
553
556
545
541
548
550
554
555
558
559
566
573
560
547
549
552
557
561
563
568
570
578
581
569
565
562
564
571
567
572
574
575
577
576
579
585
587
589
596
592
591
586
582
583
590
598
600
602
601
606
603
599
593
580
584
588
594
595
597
604
605
614
618
619
621
617
612
610
611
613
609
608
607
623
624
625
627
628
633
639
636
637
631
629
630
622
616
615
620
626
632
634
638
640
642
643
651
650
652
660
656
657
658
661
666
659
648
647
649
644
641
635
645
646
654
653
655
663
668
667
674
678
681
679
682
685
692
699
698
710
704
701
694
693
680
676
672
675
665
664
670
669
662
673
671
677
683
684
691
686
687
688
689
690
695
697
696
703
707
713
718
724
723
721
715
714
716
728
729
734
736
730
727
725
719
712
708
700
702
706
709
705
711
717
720
722
726
732
735
746
756
759
762
771
769
776
781
787
796
795
801
807
813
817
821
819
815
810
806
805
804
799
792
785
784
786
789
782
780
778
772
768
767
765
761
754
753
758
755
750
743
740
731
733
737
742
739
747
751
744
745
749
748
738
741
752
757
764
760
763
766
770
773
774
775
777
779
783
790
791
797
803
802
793
794
788
798
808
820
824
825
837
841
830
834
840
843
850
855
857
851
848
842
849
846
839
835
826
823
816
814
812
809
800
811
818
822
827
829
828
833
832
831
838
836
847
844
845
852
853
858
865
863
866
864
862
859
860
861
868
870
881
887
879
883
884
891
893
892
904
903
905
902
900
908
912
910
916
921
924
928
926
925
922
932
936
931
935
941
937
938
942
943
950
954
959
962
967
970
972
975
983
982
978
976
977
974
979
984
986
990
989
988
992
996
999
1000
995
993
994
997
998
991
987
985
981
980
973
969
971
968
966
961
965
964
957
963
960
956
955
958
952
946
948
951
953
949
947
940
945
944
939
934
933
930
929
927
923
920
907
909
911
913
915
919
917
914
918
906
901
896
895
897
898
899
894
886
890
888
889
885
878
876
873
871
869
875
882
880
877
874
872
867
856
854
500
499
496
490
489
486
492
495
497
498
494
493
488
483
484
482
478
479
480
475
472
470
467
476
477
487
491
485
481
474
459
462
473
471
464
463
465
468
466
469
460
458
454
450
441
453
456
461
455
457
452
451
449
436
443
447
442
444
445
448
437
438
435
432
428
431
426
424
425
421
446
439
440
434
433
430
429
427
422
416
412
418
419
423
417
410
408
404
405
403
414
420
415
413
406
402
391
387
393
400
411
409
407
398
399
401
392
381
384
383
379
397
396
394
395
389
390
388
382
380
377
385
386
378
376
375
374
372
370
368
364
363
366
365
355
357
350
341
337
343
346
349
351
358
362
367
373
371
369
361
360
359
353
352
348
340
334
339
342
345
356
354
347
344
335
330
321
317
313
319
324
325
320
315
326
333
338
336
332
331
328
329
327
323
322
316
314
312
318
309
311
303
302
298
292
289
299
308
304
305
306
310
307
301
296
295
287
281
271
262
259
256
246
240
243
250
255
258
253
254
261
265
270
267
268
272
278
280
269
276
282
286
284
285
288
294
293
297
300
291
290
283
279
277
275
274
273
266
263
260
264
257
252
241
238
248
249
245
244
251
247
236
234
228
229
221
223
224
215
214
216
210
199
192
198
204
201
193
194
195
197
203
208
212
207
213
219
218
225
227
230
239
242
237
233
231
235
232
226
222
220
217
209
211
205
206
202
200
196
189
190
188
187
191
186
175
172
168
167
176
180
174
179
182
185
181
178
166
160
161
159
158
157
156
151
152
150
139
143
148
149
147
142
137
133
136
128
121
118
119
114
117
124
123
112
113
111
110
106
102
100
96
98
101
103
105
104
99
92
89
91
87
81
78
73
66
70
68
69
71
65
63
59
58
56
53
51
55
54
46
43
38
40
39
29
36
37
42
25
27
28
21
18
17
26
22
24
20
15
10
7
9
-1
EOF
