 25.63   0.01
 15.17   0.01
 21.19   0.01
 12.55   0.01
 17.47   0.01
 12.52   0.05
 15.50   0.02
 23.80   0.13
 17.58   0.01
 15.89   0.03
 10.78   0.02
 19.83   0.01
 16.21   0.03
 23.62   0.01
 16.73   0.02
 10.57   0.03
 23.06   0.02
 16.82   0.01
 13.76   0.02
 12.67   0.01
 19.26   0.02
 24.16   0.02
 21.31   0.04
 24.33   0.01
 13.82   0.04
 16.05   0.02
 18.28   0.01
 24.69   0.16
 20.82   0.01
 20.72   0.02
 21.35   0.03
 22.37   0.02
 13.71   0.06
 24.30   0.01
 22.63   0.02
 17.77   0.03
 18.42   0.04
 22.09   0.01
 16.62   0.03
  7.56   0.03
 16.95   0.03
 18.10   0.03
 16.91   0.04
 23.29   0.01
 16.57   0.04
 19.97   0.02
  9.38   0.02
 19.66   0.12
 19.01   0.01
 27.22   0.01
 16.05   0.02
 18.29   0.04
 15.95   0.03
 20.35   0.03
 22.36   0.02
 21.16   0.02
 23.35   0.03
 24.24   0.01
 20.91   0.04
 14.47   0.04
 14.92   0.03
 17.98   0.01
 17.87   0.01
 21.08   0.06
 17.71   0.02
 10.57   0.03
 23.38   0.03
 11.75   0.02
 15.22   0.01
 16.40   0.01
 11.24   0.04
 19.43   0.01
 14.95   0.04
 18.18   0.00
 16.88   0.00
 18.25   0.01
 23.42   0.05
 19.50   0.02
 17.22   0.05
 22.14   0.02
 22.09   0.01
 20.80   0.03
 15.08   0.04
 18.39   0.01
 16.86   0.03
 19.09   0.02
 15.60   0.02
 18.33   0.02
 17.69   0.01
 18.75   0.03
 18.83   0.01
 17.31   0.02
 18.39   0.02
 13.48   0.03
 24.93   0.02
 17.60   0.02
 24.75   0.01
 13.62   0.03
  8.22   0.03
 21.71   0.03
 18.48   0.03
 20.66   0.02
 18.75   0.02
 26.48   0.02
 20.05   0.01
 22.14   0.01
 22.67   0.01
 19.50   0.01
 17.64   0.02
 21.40   0.00
 17.26   0.01
 22.70   0.03
 19.12   0.04
  8.77   0.02
 19.25   0.03
 23.10   0.02
 19.06   0.04
 23.79   0.01
 18.17   0.02
 20.79   0.02
 23.65   0.02
 16.50   0.03
 18.16   0.03
 18.49   0.01
 21.37   0.02
 19.84   0.05
 15.20   0.03
 20.99   0.03
 17.91   0.02
 20.64   0.01
 21.90   0.03
 16.83   0.02
 21.34   0.01
 12.77   0.04
 21.73   0.02
 17.43   0.01
 14.86   0.02
 20.85   0.02
 15.46   0.04
 21.63   0.01
 17.49   0.03
 21.49   0.02
 27.28   0.01
 18.61   0.02
 22.79   0.03
 18.59   0.03
 18.87   0.03
 17.63   0.01
 16.83   0.02
 22.36   0.02
 17.68   0.00
 19.47   0.00
 20.04   0.02
 16.74   0.01
 18.23   0.02
 19.50   0.03
 17.20   0.04
 18.13   0.02
 21.37   0.01
 22.63   0.02
 20.98   0.02
 15.27   0.01
 20.97   0.01
 19.85   0.03
 18.75   0.02
 19.85   0.03
 19.00   0.01
 18.64   0.06
 22.35   0.01
 14.25   0.04
 18.26   0.01
 21.02   0.02
 18.09   0.02
 17.45   0.04
 23.70   0.04
  7.99   0.03
 15.60   0.03
  9.03   0.04
 11.10   0.02
 13.81   0.05
 22.29   0.02
 24.16   0.03
 13.93   0.03
 21.89   0.01
 22.43   0.00
 18.95   0.01
 18.53   0.03
 18.12   0.04
 17.51   0.03
 22.49   0.01
 18.59   0.02
 21.51   0.01
 15.72   0.04
 10.98   0.03
 18.23   0.03
 17.67   0.01
 24.33   0.03
 14.90   0.03
 18.65   0.02
 20.87   0.01
 11.12   0.03
 22.27   0.01
 22.84   0.03
 21.90   0.02
 21.72   0.02
 13.77   0.00
 24.39   0.04
 25.08   0.01
 14.75   0.01
 24.34   0.03
 22.41   0.01
 13.79   0.02
 18.47   0.01
 18.64   0.03
 17.93   0.02
 17.69   0.01
 14.33   0.02
  9.18   0.01
 18.69   0.01
 13.93   0.04
 19.51   0.02
 19.76   0.02
 16.02   0.02
 18.67   0.04
 12.50   0.01
 19.38   0.03
 17.32   0.02
 22.92   0.02
 17.45   0.02
 16.09   0.04
 20.89   0.01
 17.84   0.01
 17.90   0.03
 24.99   0.03
 16.44   0.02
 21.83   0.00
 19.20   0.00
 16.87   0.02
 12.67   0.02
 12.02   0.01
 13.40   0.03
 28.29   0.01
 19.22   0.04
 19.21   0.03
 21.41   0.02
 21.36   0.01
 11.31   0.04
 21.82   0.03
 20.04   0.00
 25.95   0.01
 20.12   0.01
 26.22   0.03
 23.95   0.01
 17.34   0.05
 23.24   0.05
 21.11   0.01
 24.59   0.00
 12.76   0.02
 20.88   0.01
 16.91   0.02
 21.80   0.01
 11.94   0.03
 18.71   0.02
 19.44   0.01
 22.78   0.04
 18.11   0.05
 16.99   0.02
 26.10   0.00
 12.78   0.01
 17.60   0.05
 16.28   0.02
 14.32   0.03
  8.51   0.02
  9.35   0.04
 21.94   0.02
 27.36   0.02
 21.34   0.02
 17.10   0.03
 15.26   0.01
 25.51   0.42
 12.50   0.03
 20.43   0.02
 13.89   0.03
 22.29   0.01
 12.98   0.03
 18.42   0.06
 18.09   0.01
 17.90   0.01
 22.19   0.01
 19.56   0.01
 20.58   0.04
 12.94   0.04
 14.65   0.01
 14.01   0.00
 21.86   0.01
 17.73   0.03
 21.39   0.05
 24.48   0.03
 23.90   0.02
  8.57   0.04
 18.41   0.04
 17.48   0.04
 23.76   0.04
 16.91   0.01
 22.98   0.03
 17.61   0.02
 18.82   0.02
 24.36   0.02
 19.70   0.01
 23.22   0.03
  8.58   0.03
  8.54   0.03
 18.91   0.01
 20.85   0.03
 11.99   0.01
 21.14   0.01
 15.71   0.01
 13.91   0.03
 13.53   0.03
 20.41   0.02
 19.04   0.01
 18.71   0.01
 17.31   0.03
 23.20   0.00
 19.69   0.03
 24.00   0.02
 18.16   0.01
 21.46   0.03
 18.68   0.01
 26.24   0.31
 17.56   0.02
 20.80   0.04
 22.39   0.02
 19.20   0.03
 17.06   0.01
 17.97   0.04
 21.69   0.03
 16.67   0.03
 14.42   0.03
 17.63   0.02
 21.06   0.02
 22.46   0.01
 19.65   0.01
 20.35   0.02
  6.56   0.04
 26.12   0.01
  8.81   0.03
 18.86   0.03
 17.73   0.02
 13.97   0.02
 12.50   0.01
 17.23   0.04
 21.45   0.01
 23.62   0.01
 22.68   0.03
 16.94   0.01
 17.12   0.04
 17.03   0.02
 17.56   0.03
 21.76   0.02
 13.87   0.02
 14.83   0.04
 22.05   0.02
 21.65   0.10
 23.70   0.01
 22.31   0.01
 28.87   0.01
  5.19   0.05
 24.15   0.02
 19.42   0.03
 17.47   0.02
 19.41   0.03
 22.51   0.02
 18.71   0.04
 15.86   0.03
 20.07   0.01
 26.42   0.01
 18.62   0.04
 23.73   0.01
 14.00   0.04
 19.46   0.01
 13.97   0.02
 14.04   0.01
 18.66   0.01
 22.80   0.02
 23.66   0.02
 10.91   0.04
 16.83   0.02
 17.36   0.02
 18.77   0.02
 15.93   0.03
 17.21   0.04
 19.64   0.02
 16.96   0.01
 22.70   0.01
 22.98   0.01
 18.96   0.01
 26.13   0.01
 18.14   0.01
 14.31   0.02
 19.48   0.01
 25.50   0.03
 11.85   0.01
 18.50   0.01
 20.96   0.03
 16.52   0.03
 16.41   0.04
  7.42   0.04
 16.08   0.03
 23.06   0.03
 10.11   0.01
 22.32   0.02
 24.00   0.02
 16.60   0.06
 14.67   0.03
 14.38   0.02
 19.96   0.03
 19.82   0.04
 19.56   0.01
 20.53   0.02
 11.29   0.03
 22.77   0.01
 17.16   0.04
 18.32   0.02
 14.39   0.03
 16.65   0.02
 17.50   0.02
 22.31   0.02
 22.56   0.03
 15.16   0.02
 22.72   0.21
 16.17   0.02
 21.02   0.01
 17.37   0.02
 12.92   0.03
 18.10   0.02
 28.85   0.03
 23.25   0.02
 16.13   0.01
 14.47   0.02
 10.69   0.02
 15.66   0.02
 13.52   0.01
 24.87   0.01
 20.96   0.03
 14.67   0.03
 14.78   0.02
 17.39   0.03
 11.50   0.02
 17.85   0.04
 12.85   0.02
 17.94   0.02
 14.97   0.01
 12.42   0.00
 21.10   0.01
 22.84   0.11
 24.32   0.01
 21.50   0.01
 18.27   0.01
 25.78   0.01
 14.83   0.01
 18.14   0.03
 25.01   0.03
 11.07   0.04
 20.37   0.04
 24.48   0.02
 19.48   0.01
 17.09   0.03
 14.62   0.02
 13.02   0.02
 20.77   0.01
 27.05   0.01
 17.50   0.00
 20.93   0.03
 15.46   0.02
 18.64   0.05
 18.13   0.05
 22.41   0.09
 21.83   0.03
 20.58   0.03
 16.22   0.03
 16.03   0.03
 20.88   0.01
 15.19   0.01
 19.01   0.03
 14.83   0.05
 22.91   0.02
 16.48   0.01
 29.12   0.42
 21.83   0.01
 18.63   0.03
 16.40   0.04
 11.60   0.03
 12.57   0.02
 23.54   0.02
 20.72   0.01
 13.39   0.04
 17.37   0.01
 13.63   0.02
 22.50   0.04
 21.28   0.01
 16.20   0.03
 12.89   0.04
 22.32   0.01
 19.81   0.02
 20.46   0.02
 17.23   0.04
 11.02   0.04
 21.54   0.01
 13.42   0.03
 20.03   0.02
 21.20   0.04
 19.48   0.02
 18.07   0.04
 22.71   0.03
 22.74   0.02
 19.44   0.00
 16.84   0.01
 22.12   0.03
 19.08   0.05
 17.67   0.02
 14.57   0.03
 17.10   0.02
 24.05   0.00
 18.83   0.02
 15.06   0.03
 18.28   0.03
 23.89   0.02
 13.14   0.01
  8.12   0.01
 21.56   0.02
 17.37   0.04
 25.19   0.02
  8.58   0.03
 12.92   0.03
  8.92   0.05
 16.81   0.02
 18.96   0.01
 23.27   0.02
 17.51   0.02
 19.28   0.03
 15.79   0.02
 22.60   0.01
 19.68   0.04
 19.90   0.03
  7.72   0.02
 10.54   0.02
 15.41   0.04
 21.00   0.02
 14.57   0.02
 17.89   0.03
 17.24   0.01
 21.68   0.04
 22.49   0.02
 15.83   0.01
 19.51   0.05
 19.38   0.02
 18.01   0.02
 18.08   0.02
 25.16   0.03
 23.76   0.03
 26.31   0.01
 18.62   0.04
 20.88   0.02
 27.60   0.03
 19.17   0.01
 26.29   0.03
 21.97   0.02
 18.32   0.02
 21.64   0.02
 20.35   0.03
 19.24   0.03
 18.03   0.03
 17.03   0.02
 13.77   0.04
 10.87   0.02
 17.72   0.03
 17.90   0.01
 20.10   0.02
 28.57   0.01
 17.29   0.03
 21.58   0.02
 12.56   0.02
 18.86   0.02
 14.46   0.02
 17.97   0.02
 18.54   0.04
 22.23   0.05
 19.04   0.02
 22.93   0.01
 19.07   0.05
 18.42   0.02
 22.69   0.02
 21.18   0.02
 19.05   0.02
 18.58   0.06
 22.53   0.02
 23.20   0.01
 16.49   0.01
 20.50   0.02
 18.17   0.02
 24.78   0.03
 24.50   0.00
 19.39   0.02
 22.70   0.01
 11.67   0.02
 20.07   0.02
 14.49   0.03
 22.99   0.04
 10.75   0.01
 22.00   0.01
 14.37   0.04
 15.73   0.02
 22.65   0.02
 28.11   0.02
 17.40   0.01
 18.23   0.01
 24.14   0.03
 16.40   0.03
 18.01   0.02
 13.55   0.04
 17.06   0.02
 12.52   0.03
 19.47   0.01
 17.43   0.01
 18.65   0.02
 16.00   0.03
 19.98   0.01
 16.02   0.02
 19.95   0.01
 19.62   0.01
 26.57   0.01
 22.66   0.02
 14.25   0.00
 20.82   0.02
 13.58   0.01
  9.87   0.05
 24.02   0.01
 18.61   0.02
 11.10   0.03
 17.10   0.01
 20.03   0.02
 18.05   0.02
 20.50   0.01
 19.06   0.04
 18.96   0.01
 18.63   0.00
 22.47   0.03
 16.70   0.02
 21.12   0.03
 18.66   0.02
 19.59   0.14
 17.95   0.04
 23.85   0.01
 12.85   0.03
 20.23   0.02
 18.91   0.04
 17.05   0.02
 15.55   0.02
 17.28   0.02
 20.91   0.03
 19.22   0.01
 20.77   0.01
 21.37   0.03
 20.23   0.05
 24.73   0.01
 20.32   0.01
 21.19   0.00
 20.96   0.01
 20.99   0.01
 20.90   0.02
 21.35   0.02
 20.28   0.01
 17.39   0.01
 19.92   0.04
 16.08   0.04
 16.85   0.02
  7.11   0.03
 14.27   0.02
 13.38   0.01
  8.99   0.01
 14.97   0.05
  9.05   0.03
 24.09   0.01
 22.21   0.01
 22.47   0.02
 21.84   0.04
 18.93   0.00
 23.05   0.04
 22.26   0.01
 17.75   0.03
 19.96   0.04
 20.87   0.02
 17.37   0.01
 17.51   0.04
 20.20   0.02
 18.31   0.03
 15.44   0.02
 18.70   0.01
 21.11   0.01
 15.83   0.04
 15.65   0.04
 20.30   0.03
 17.59   0.01
 15.94   0.01
 22.18   0.00
 17.37   0.03
 18.08   0.01
 28.88   0.01
 12.28   0.02
 18.48   0.01
 19.07   0.03
 17.36   0.00
  9.28   0.04
 14.59   0.03
 19.15   0.02
 20.18   0.02
 14.28   0.01
 17.03   0.02
 17.89   0.02
 18.63   0.01
 19.50   0.01
 21.75   0.03
 21.09   0.02
 22.50   0.04
 19.58   0.02
 18.00   0.02
 19.92   0.01
 24.62   0.01
 23.67   0.03
 11.65   0.02
 13.11   0.01
 18.55   0.01
 23.86   0.01
 14.05   0.02
 20.87   0.02
 13.25   0.03
 11.87   0.02
 24.40   0.02
 18.99   0.01
 18.66   0.07
 18.75   0.02
 18.49   0.00
 20.56   0.01
 25.55   0.00
 26.82   0.02
 12.80   0.01
 22.90   0.03
 12.45   0.04
 22.19   0.02
 19.57   0.02
 13.39   0.01
 18.74   0.02
 21.05   0.01
 17.59   0.01
 19.95   0.01
 22.26   0.01
 18.63   0.02
 17.51   0.01
 16.08   0.01
 18.22   0.02
 23.76   0.02
 16.55   0.02
 19.03   0.01
 25.03   0.04
 19.58   0.01
 20.89   0.00
 24.20   0.01
 18.30   0.01
 20.81   0.03
 17.85   0.01
 17.67   0.03
 10.83   0.02
 11.21   0.04
 22.88   0.01
 17.49   0.01
 13.82   0.03
 11.43   0.03
 26.31   0.01
 18.90   0.02
 22.17   0.02
 18.71   0.02
  7.74   0.04
 17.65   0.03
 24.55   0.02
 15.19   0.01
 18.34   0.01
 14.48   0.02
 17.10   0.04
 24.49   0.00
 24.16   0.00
 22.14   0.02
 19.04   0.05
 12.06   0.02
 15.56   0.03
 22.12   0.00
 21.85   0.04
 18.51   0.01
 18.73   0.03
 20.19   0.04
 20.30   0.02
 21.94   0.02
 13.76   0.00
 16.31   0.02
 20.12   0.02
 18.97   0.02
 16.11   0.03
 27.46   0.03
 19.85   0.02
 20.46   0.02
 21.75   0.03
 20.40   0.02
 23.53   0.02
 27.35   0.01
 16.66   0.01
 26.59   0.01
 24.05   0.01
 21.70   0.01
 24.32   0.01
 22.69   0.01
 16.66   0.02
 14.18   0.04
 12.40   0.02
 13.43   0.03
 22.23   0.02
 17.37   0.01
 25.70   0.01
 21.99   0.02
 14.19   0.03
 18.54   0.02
 20.99   0.01
  9.78   0.03
 23.03   0.02
 16.94   0.01
  9.38   0.02
 19.95   0.02
 21.24   0.02
 23.29   0.02
 16.50   0.02
 20.32   0.04
 10.75   0.03
 17.30   0.02
 16.46   0.02
 17.91   0.01
 10.32   0.02
 16.68   0.04
 22.98   0.00
 16.96   0.03
 19.52   0.01
 14.90   0.01
 23.87   0.01
 18.64   0.02
 19.56   0.04
 16.69   0.03
 19.73   0.03
 13.44   0.01
 19.73   0.00
 20.97   0.03
 16.87   0.01
 17.05   0.03
 21.31   0.01
 17.22   0.04
 25.09   0.01
 13.59   0.03
 12.59   0.05
 15.60   0.05
 16.44   0.02
 15.26   0.01
 18.33   0.01
  7.67   0.03
 22.15   0.02
 18.03   0.03
 18.46   0.02
 20.84   0.01
 19.98   0.01
 28.09   0.03
 21.12   0.02
 12.61   0.02
 15.80   0.04
 12.18   0.02
 23.08   0.01
 24.42   0.02
 19.68   0.05
 17.06   0.03
 12.46   0.02
 18.30   0.04
 24.67   0.01
 19.24   0.04
 15.13   0.02
 20.13   0.02
 17.08   0.01
 16.14   0.03
 20.86   0.04
 21.62   0.04
 17.00   0.03
  9.92   0.03
 19.80   0.04
 17.26   0.02
 16.06   0.05
 21.31   0.03
 21.30   0.00
 18.49   0.02
 10.85   0.02
 21.12   0.02
 16.48   0.04
 15.36   0.05
 19.57   0.03
 21.01   0.03
 20.92   0.02
 21.14   0.04
 18.86   0.02
 22.48   0.02
 12.90   0.03
 20.87   0.02
 23.21   0.02
 19.52   0.02
 21.22   0.00
 13.57   0.02
 12.25   0.01
 17.10   0.02
 12.11   0.03
 23.47   0.01
 17.10   0.01
 22.17   0.02
 16.95   0.05
 16.45   0.02
 18.71   0.01
 20.15   0.00
 13.87   0.05
 13.53   0.03
 22.86   0.01
 15.66   0.03
 22.95   0.01
 21.92   0.13
 16.49   0.04
 17.64   0.01
 21.66   0.02
 23.02   0.01
 18.54   0.00
 22.32   0.02
 14.60   0.02
 20.37   0.01
 14.72   0.03
 18.48   0.04
 12.01   0.01
 18.34   0.01
 15.96   0.01
 17.65   0.02
 20.35   0.01
 17.28   0.03
 16.67   0.02
 20.94   0.03
 16.41   0.01
 25.70   0.01
 18.67   0.02
  7.85   0.01
 16.65   0.03
 21.09   0.04
  9.95   0.03
 21.80   0.33
 15.39   0.02
 12.91   0.04
 17.05   0.02
 21.30   0.04
 20.93   0.04
 24.70   0.02
 19.29   0.05
 22.38   0.02
 20.46   0.03
 21.56   0.02
 19.16   0.02
 22.14   0.01
 21.01   0.02
  6.76   0.01
 22.41   0.02
  8.50   0.03
 17.68   0.03
 25.21   0.03
 18.84   0.02
 21.30   0.02
 24.36   0.03
 17.40   0.02
 22.72   0.01
 13.59   0.03
 17.19   0.01
 23.10   0.04
  8.40   0.02
 16.65   0.02
 14.38   0.03
 15.36   0.04
 23.71   0.01
 21.45   0.02
 15.75   0.03
 19.05   0.01
 21.32   0.03
 19.15   0.02
 15.98   0.02
 13.59   0.01
 17.67   0.03
 17.68   0.01
